nUsers=74
trafficName=skype
comment=Pcap for tests, CLI completed!
lambda_Nsession=0
lambda_Tis=0
lambda_Nobj=0.582278
lambda_IAobj=0.0606184
lambda_IApkt=0.159174
userList=192.168.1.2:1108,192.168.1.2:11352,192.168.1.2:11421,192.168.1.2:1214,192.168.1.2:1215,192.168.1.2:1217,192.168.1.2:12350,192.168.1.2:1245,192.168.1.2:12492,192.168.1.2:14232,192.168.1.2:1454,192.168.1.2:1546,192.168.1.2:1569,192.168.1.2:17197,192.168.1.2:1742,192.168.1.2:18050,192.168.1.2:1845,192.168.1.2:1928,192.168.1.2:1948,192.168.1.2:2029,192.168.1.2:2057,192.168.1.2:2133,192.168.1.2:2201,192.168.1.2:2223,192.168.1.2:2229,192.168.1.2:2267,192.168.1.2:22960,192.168.1.2:22995,192.168.1.2:2330,192.168.1.2:2362,192.168.1.2:2367,192.168.1.2:2377,192.168.1.2:2434,192.168.1.2:2525,192.168.1.2:2562,192.168.1.2:2617,192.168.1.2:2680,192.168.1.2:2685,192.168.1.2:2704,192.168.1.2:2776,192.168.1.2:29344,192.168.1.2:29832,192.168.1.2:2997,192.168.1.2:2998,192.168.1.2:3058,192.168.1.2:3150,192.168.1.2:3167,192.168.1.2:32333,192.168.1.2:32656,192.168.1.2:3301,192.168.1.2:33033,192.168.1.2:3315,192.168.1.2:3336,192.168.1.2:33667,192.168.1.2:3527,192.168.1.2:3539,192.168.1.2:3573,192.168.1.2:3651,192.168.1.2:3740,192.168.1.2:3777,192.168.1.2:3907,192.168.1.2:3908,192.168.1.2:3926,192.168.1.2:4048,192.168.1.2:4464,192.168.1.2:47452,192.168.1.2:57322,192.168.1.2:59605,192.168.1.2:60229,192.168.1.2:6667,192.168.1.2:80,192.168.1.2:8022,192.168.1.2:8075,192.168.1.2:9908
serverList=189.132.176.243:35990,195.215.8.141:1325,212.72.49.131:3621,212.72.49.131:4542,212.72.49.141:4125,212.72.49.142:2577,24.125.186.144:2080,24.187.107.99:4224,24.188.222.16:4516,24.191.115.185:1531,66.61.38.114:2584,67.163.59.104:4786,67.165.90.216:3998,67.80.71.219:3746,67.84.148.173:1605,68.0.172.33:3634,68.195.103.120:3508,68.38.164.187:3868,68.55.27.139:3391,68.56.113.162:4360,69.113.180.235:4921,69.141.46.5:2809,69.141.46.5:2817,69.205.247.140:1630,69.205.247.140:1782,69.244.172.248:2717,69.250.183.56:2194,70.160.92.135:3445,70.160.94.139:3194,70.161.237.88:2015,70.181.220.80:3938,71.196.236.185:3033,71.228.44.157:4857,72.197.60.203:1487,72.197.60.203:2890,72.201.60.177:1695,82.40.35.124:2367,84.228.208.91:35990,84.25.172.195:3719
